# Created by Octave 4.2.1, Sat Apr 14 18:55:32 2018 IST <kunal@kunal>
# name: res
# type: matrix
# rows: 15
# columns: 3
 0.1715014967093426 0.06132020149103694 0.6250999645424321
 0.4774829283725885 0.7627239277627784 0.8995978270805115
 0.8800695972947871 0.554977018974209 0.4120847630137264
 0.7053290451218103 0.334372025087899 0.04967368204971039
 0.0857651467856481 0.9797491814103282 0.5873890467893365
 0.9801948560496547 0.5466258756225241 0.6463899600074258
 0.1646148505978085 0.9218620003199249 0.3983012222924225
 0.9331441765483677 0.7989088236586437 0.004708798970731775
 0.6086360988565228 0.8252625368454185 0.03374462435456597
 0.7927229446349932 0.7455548404843314 0.8811204119116377
 0.3649013239398248 0.6405677048561492 0.6661816870871967
 0.730395411178917 0.9837631775474267 0.2922278950674977
 0.633252101743335 0.9519920407910942 0.8729084373498104
 0.4002924247841201 0.9403430309759869 0.6103618668786402
 0.2665455532437673 0.4289998899262261 0.9759831955516615


